# Jugadores
spawn white 8 5
spawn red 12 7

# Power-ups

# Enemigos
enemy bebe 1 2
enemy bebe 1 17
enemy bebe 11 2
enemy bebe 11 17
enemy Leon 3 14
enemy Leon 8 4

12 3 4 2 4 2 4 2 4 2 4 2 4 2 4 2 4 2 4 2 13
12 0 6 7 7 7 7 7 7 7 8 7 7 7 7 7 7 7 7 0 13
12 1 9 8 20 8 20 8 20 8 20 8 20 8 20 8 20 8 9 1 13
12 0 9 7 10 7 10 20 10 20 10 20 10 20 10 7 10 7 10 0 13
12 1 20 8 9 8 20 8 9 8 9 8 9 8 20 8 9 8 20 1 13
12 0 9 20 10 20 10 7 10 7 10 7 10 7 10 20 10 20 10 0 13
12 1 9 8 9 8 20 8 9 8 20 8 9 8 20 8 9 8 9 1 13
12 0 9 20 10 20 10 7 10 7 10 7 10 7 10 20 10 20 10 0 13
12 1 20 8 9 8 20 8 9 8 9 8 9 8 20 8 9 8 20 1 13
12 0 9 7 10 7 10 20 10 20 10 20 10 20 10 7 10 7 10 0 13
12 1 9 8 20 8 20 8 20 8 20 8 20 8 20 8 20 8 9 1 13
12 0 9 7 10 7 10 7 10 7 8 7 10 7 10 7 10 7 10 0 13
12 1 4 2 4 2 4 2 4 2 4 2 4 2 4 2 4 2 4 5 13