# Jugadores con coordenadas x y (columna, fila)
spawn white 8 5
spawn red 12 7

# Power-ups con coordenadas x y (columna, fila)

# Enemigos con coordenadas x y (columna, fila)
enemy 1 2 1
enemy 2 18 1
enemy 3 2 11
enemy 4 18 11
enemy 5 16 3
enemy 6 4 9
enemy 7 2 5
enemy 8 18 7
enemy 9 4 3
enemy 10 16 9
enemy 11 2 7
enemy 12 18 5

12 3 4 2 4 2 4 2 4 2 4 2 4 2 4 2 4 2 4 2 13
12 0 6 7 7 7 7 7 7 7 8 7 7 7 7 7 7 7 7 0 13
12 1 9 8 20 8 20 8 20 8 20 8 20 8 20 8 20 8 9 1 13
12 0 9 7 10 7 10 20 10 20 10 20 10 20 10 7 10 7 10 0 13
12 1 20 8 9 8 20 8 9 8 9 8 9 8 20 8 9 8 20 1 13
12 0 9 20 10 20 10 7 10 7 10 7 10 7 10 20 10 20 10 0 13
12 1 9 8 9 8 20 8 9 8 20 8 9 8 20 8 9 8 9 1 13
12 0 9 20 10 20 10 7 10 7 10 7 10 7 10 20 10 20 10 0 13
12 1 20 8 9 8 20 8 9 8 9 8 9 8 20 8 9 8 20 1 13
12 0 9 7 10 7 10 20 10 20 10 20 10 20 10 7 10 7 10 0 13
12 1 9 8 20 8 20 8 20 8 20 8 20 8 20 8 20 8 9 1 13
12 0 9 7 10 7 10 7 10 7 8 7 10 7 10 7 10 7 10 0 13
12 1 4 2 4 2 4 2 4 2 4 2 4 2 4 2 4 2 4 5 13